version https://git-lfs.github.com/spec/v1
oid sha256:2352547e32ca8004daa1e797ff2fa4ea465af5b1d121de608be039cd09244387
size 107741619
